00000001      00000002
31            30
Turn_off?     Turn_off?
10200401      10200001
2             0
0             0
0             0
1             1


00000011      00000021      00000031      00000041      00000051      00000061      00000071
3B            3C            3D            3E            51            3F            40      
My_Files	    NXT_Program   NXT_Datalog   View          Bluetooth	    Settings      Try_Me  
01040000	    01040000      01840000	    01040000	    01040000      01040000      01040000
0		          0             A		          E		          0             0             0       
0		          0             0		          0		          0             0             0       
1		          2             3		          4		          7		          5             6       
1		          1             1		          1		          2             1             1       


