00000001	    00000002      00000003                    00000004
1C            1D            1B                          1F            
Software_files NXT_files    Sound_files                 Datalog_files
10008001	    10008001      10008001                    00808000
6 		        6             6                           6
2		          3             1                           5
0		          0             0                           0
1		          1             1                           2


00000011                                                00000014
00                                                      00
_                                                       _
00000300                                                00000300
6                                                       6
F2                                                      F2
0                                                       0
1                                                       1


00000111      00000211      00000311                    00000114                    00000214
32            33            34                          34                          33  
Run           Send          Delete                      Delete                      Send
00000120      00400000      00000000                    00000000                    00400000
8             0             0                           0                           0
F8            0             0                           0                           0
0             0             0                           0                           0
0             1             2                           2                           1


              00001211      00001311      00002311      00001114      00002114      00001214
              00            31            30            31            30            00
              _             Are_you_sure? Are_you_sure? Are_you_sure? Are_you_sure? _
              00000300      0000008       00000004      00000008      00000004      00000300
              10            9             0             9             0             10
              F9            0             0             0             0             F9
              0             0             0             0             0             0
              0             0             0             0             0             0