00000001                                  00000002                                    00000003      00000004
39                                        3A                                          4F            34
Volume                                    Sleep                                       NXT_Version   Delete_files
00008000                                  00008000                                    00000000      00008000
0                                         0                                           1             0
0                                         0                                           0             0
0                                         0                                           0             0
1                                         1                                           0             1

                                                                                      
00000011      00000021      00000031      00000012      00000022        00000032                    00000014	    00000024      00000034      00000044      00000054
39            35            36            3A            35              36                          1C            1D            1B            1F            1E
_             _             _             _             _               _                           Software_files NXT_files    Sound_files   Datalog_files Try_me_files
00000360      00000000      00000000      00000320      00000000        00000000                    10000001	    10000001      10000001      10800001      10000001
7             0             0             4             0               0                           5             5             5             5             5
EF            0             0             EF            0               0                           2             3             1             5             4
0             0             0             0             0               0                           0             0             0             0             0
0             0             0             0             0               0                           2             2             2             2             2


                                                                                                    00000114      00000214
                                                                                                    31            30
                                                                                                    Are_you_sure? Are_you_sure?
                                                                                                    00000108      00000104
                                                                                                    5             5
                                                                                                    F1            0
                                                                                                    0             0
                                                                                                    0             0

