00000001      00000002                    00000003                    00000004                    00000005
56            52                          53                          54                          55 
Search        My_contacts                 Connections                 Visibility                  On/Off
00408000	    00408000                    00408000                    00408000                    00008000
0 		        0                           0                           0                           0
0		          0                           0                           0                           0
0		          0                           0                           0                           0
1		          1                           1                           1                           1


00000011	    00000012                    00000013                    00000014      00000024      00000015      00000025
57            57                          57                          5A            5B            5C            5D
_             _                           _                           Visible       Invisible     On            Off
00000300	    00001000                    00000300                    00000000      00000000      00000080      00400080
12		        0                           14                          11            11            3             3
FF            0                           F6                          EB            EA            EB            EA
0		          0                           0                           0             0             0             0
1		          1                           1                           0             0             0             0


00000111	    00000112	                  00000113      
57            57                          59
_             _                           Disconnect    
00000308	    00100208	                  00000000      
13		        13		                      14            
F2	          F2	                        F0            
0		          0		                        0             
1		          2		                        0             


00001111	    00001112      00002112      
57            34            58
_             Delete        Connect       
00000300	    00000000      00000000      
10	          13            0             
F5	          F1            0             
0		          0             0             
0             0             1             

		        
                            00012112	                                              
                            57                                               
                            _                                                       
                            00000308	                                              
                            10	                                                    
                            F5	                                                    
                            0		                                                    
                            0                                                       
                                                                                      
